KSAS8101 1982 01 01 1 -10.0 -2.2 2.3 -999.0 0.0 -999.0 -999.0 -999.0
KSAS8101 1982 01 02 2 -4.4 6.1 1.0 -999.0 2.0 -999.0 -999.0 -999.0
KSAS8101 1982 01 03 3 -9.4 -3.3 1.7 -999.0 1.0 -999.0 -999.0 -999.0
KSAS8101 1982 01 04 4 -15.0 2.8 10.1 -999.0 4.6 -999.0 -999.0 -999.0
KSAS8101 1982 01 05 5 -9.4 6.1 9.6 -999.0 0.0 -999.0 -999.0 -999.0
KSAS8101 1982 01 06 6 -15.0 -6.7 4.0 -999.0 0.0 -999.0 -999.0 -999.0
KSAS8101 1982 01 07 7 -17.2 -5.6 10.1 -999.0 0.0 -999.0 -999.0 -999.0
KSAS8101 1982 01 08 8 -10.6 5.0 7.7 -999.0 0.0 -999.0 -999.0 -999.0
KSAS8101 1982 01 09 9 -15.0 -1.7 6.0 -999.0 0.0 -999.0 -999.0 -999.0
KSAS8101 1982 01 10 10 -26.1 -11.1 9.9 -999.0 0.0 -999.0 -999.0 -999.0
KSAS8101 1982 01 11 11 -21.1 -5.6 8.8 -999.0 0.0 -999.0 -999.0 -999.0
KSAS8101 1982 01 12 12 -11.1 -7.2 4.4 -999.0 0.0 -999.0 -999.0 -999.0
KSAS8101 1982 01 13 13 -21.1 -7.8 11.0 -999.0 2.8 -999.0 -999.0 -999.0
KSAS8101 1982 01 14 14 -14.4 8.3 9.7 -999.0 0.0 -999.0 -999.0 -999.0
KSAS8101 1982 01 15 15 -8.3 5.6 5.9 -999.0 0.0 -999.0 -999.0 -999.0
KSAS8101 1982 01 16 16 -20.0 -8.3 11.0 -999.0 0.0 -999.0 -999.0 -999.0
KSAS8101 1982 01 17 17 -16.7 -0.6 8.5 -999.0 0.0 -999.0 -999.0 -999.0
KSAS8101 1982 01 18 18 -8.3 8.9 10.0 -999.0 0.0 -999.0 -999.0 -999.0
KSAS8101 1982 01 19 19 -8.3 7.2 9.0 -999.0 0.0 -999.0 -999.0 -999.0
KSAS8101 1982 01 20 20 -5.6 -1.1 2.1 -999.0 0.0 -999.0 -999.0 -999.0
KSAS8101 1982 01 21 21 -7.2 -2.8 2.1 -999.0 0.0 -999.0 -999.0 -999.0
KSAS8101 1982 01 22 22 -9.4 5.0 1.7 -999.0 1.8 -999.0 -999.0 -999.0
KSAS8101 1982 01 23 23 -15.0 -6.7 11.3 -999.0 11.4 -999.0 -999.0 -999.0
KSAS8101 1982 01 24 24 -14.4 -0.6 7.9 -999.0 0.0 -999.0 -999.0 -999.0
KSAS8101 1982 01 25 25 -7.8 5.6 11.6 -999.0 0.0 -999.0 -999.0 -999.0
KSAS8101 1982 01 26 26 -8.9 11.7 10.4 -999.0 0.0 -999.0 -999.0 -999.0
KSAS8101 1982 01 27 27 4.4 11.7 10.1 -999.0 0.0 -999.0 -999.0 -999.0
KSAS8101 1982 01 28 28 -6.1 6.1 9.7 -999.0 0.0 -999.0 -999.0 -999.0
KSAS8101 1982 01 29 29 1.1 9.4 1.0 -999.0 0.0 -999.0 -999.0 -999.0
KSAS8101 1982 01 30 30 -3.3 3.3 5.1 -999.0 5.1 -999.0 -999.0 -999.0
KSAS8101 1982 01 31 31 -11.7 -2.8 5.1 -999.0 0.0 -999.0 -999.0 -999.0
KSAS8101 1982 02 01 32 -7.2 3.3 4.9 -999.0 0.0 -999.0 -999.0 -999.0
KSAS8101 1982 02 02 33 -7.8 0.0 3.3 -999.0 0.0 -999.0 -999.0 -999.0
KSAS8101 1982 02 03 34 -18.3 -7.8 11.9 -999.0 1.0 -999.0 -999.0 -999.0
KSAS8101 1982 02 04 35 -20.0 -13.9 4.9 -999.0 0.0 -999.0 -999.0 -999.0
KSAS8101 1982 02 05 36 -18.3 -12.8 13.7 -999.0 6.9 -999.0 -999.0 -999.0
KSAS8101 1982 02 06 37 -23.3 -4.4 14.7 -999.0 0.0 -999.0 -999.0 -999.0
KSAS8101 1982 02 07 38 -15.0 2.2 14.2 -999.0 0.0 -999.0 -999.0 -999.0
KSAS8101 1982 02 08 39 -10.0 -6.1 5.1 -999.0 0.0 -999.0 -999.0 -999.0
KSAS8101 1982 02 09 40 -19.4 -9.4 14.5 -999.0 8.1 -999.0 -999.0 -999.0
KSAS8101 1982 02 10 41 -18.9 -4.4 11.6 -999.0 0.0 -999.0 -999.0 -999.0
KSAS8101 1982 02 11 42 -17.8 0.0 10.5 -999.0 0.0 -999.0 -999.0 -999.0
KSAS8101 1982 02 12 43 -6.1 1.7 7.7 -999.0 8.9 -999.0 -999.0 -999.0
KSAS8101 1982 02 13 44 -12.2 3.9 15.7 -999.0 0.0 -999.0 -999.0 -999.0
KSAS8101 1982 02 14 45 -1.1 6.7 12.3 -999.0 0.0 -999.0 -999.0 -999.0
KSAS8101 1982 02 15 46 2.2 7.2 4.2 -999.0 0.0 -999.0 -999.0 -999.0
KSAS8101 1982 02 16 47 2.2 5.0 2.3 -999.0 0.3 -999.0 -999.0 -999.0
KSAS8101 1982 02 17 48 1.1 3.9 1.8 -999.0 0.0 -999.0 -999.0 -999.0
KSAS8101 1982 02 18 49 1.1 12.8 10.5 -999.0 4.6 -999.0 -999.0 -999.0
KSAS8101 1982 02 19 50 -1.1 18.9 14.7 -999.0 0.0 -999.0 -999.0 -999.0
KSAS8101 1982 02 20 51 3.3 18.9 15.6 -999.0 0.0 -999.0 -999.0 -999.0
KSAS8101 1982 02 21 52 -1.1 21.1 15.2 -999.0 0.0 -999.0 -999.0 -999.0
KSAS8101 1982 02 22 53 -1.1 25.6 15.6 -999.0 0.0 -999.0 -999.0 -999.0
KSAS8101 1982 02 23 54 1.1 17.8 1.8 -999.0 0.0 -999.0 -999.0 -999.0
KSAS8101 1982 02 24 55 0.0 6.7 16.1 -999.0 0.0 -999.0 -999.0 -999.0
KSAS8101 1982 02 25 56 -5.0 2.2 11.6 -999.0 0.0 -999.0 -999.0 -999.0
KSAS8101 1982 02 26 57 -7.8 3.9 16.9 -999.0 0.0 -999.0 -999.0 -999.0
KSAS8101 1982 02 27 58 -7.8 11.1 15.4 -999.0 0.0 -999.0 -999.0 -999.0
KSAS8101 1982 02 28 59 -3.9 13.3 12.3 -999.0 0.0 -999.0 -999.0 -999.0
KSAS8101 1982 03 01 60 -3.9 20.6 16.2 -999.0 0.0 -999.0 -999.0 -999.0
KSAS8101 1982 03 02 61 1.7 15.6 4.5 -999.0 0.0 -999.0 -999.0 -999.0
KSAS8101 1982 03 03 62 -2.2 1.7 0.8 -999.0 0.0 -999.0 -999.0 -999.0
KSAS8101 1982 03 04 63 -5.6 -1.7 5.7 -999.0 0.5 -999.0 -999.0 -999.0
KSAS8101 1982 03 05 64 -6.1 -2.2 8.7 -999.0 0.0 -999.0 -999.0 -999.0
KSAS8101 1982 03 06 65 -12.2 6.1 18.9 -999.0 0.0 -999.0 -999.0 -999.0
KSAS8101 1982 03 07 66 -10.0 3.9 12.7 -999.0 0.0 -999.0 -999.0 -999.0
KSAS8101 1982 03 08 67 -3.9 8.9 17.9 -999.0 0.0 -999.0 -999.0 -999.0
KSAS8101 1982 03 09 68 -7.8 10.6 13.5 -999.0 0.0 -999.0 -999.0 -999.0
KSAS8101 1982 03 10 69 -3.9 26.1 16.2 -999.0 0.0 -999.0 -999.0 -999.0
KSAS8101 1982 03 11 70 0.6 19.4 13.6 -999.0 0.0 -999.0 -999.0 -999.0
KSAS8101 1982 03 12 71 2.8 22.8 7.6 -999.0 0.0 -999.0 -999.0 -999.0
KSAS8101 1982 03 13 72 -1.7 17.8 17.0 -999.0 0.0 -999.0 -999.0 -999.0
KSAS8101 1982 03 14 73 5.0 10.6 1.4 -999.0 0.5 -999.0 -999.0 -999.0
KSAS8101 1982 03 15 74 5.0 15.0 5.6 -999.0 21.8 -999.0 -999.0 -999.0
KSAS8101 1982 03 16 75 7.2 18.9 19.4 -999.0 12.4 -999.0 -999.0 -999.0
KSAS8101 1982 03 17 76 3.9 23.9 17.7 -999.0 0.0 -999.0 -999.0 -999.0
KSAS8101 1982 03 18 77 7.8 11.7 2.1 -999.0 0.0 -999.0 -999.0 -999.0
KSAS8101 1982 03 19 78 8.3 23.9 16.6 -999.0 15.7 -999.0 -999.0 -999.0
KSAS8101 1982 03 20 79 2.2 14.4 21.2 -999.0 0.0 -999.0 -999.0 -999.0
KSAS8101 1982 03 21 80 -3.9 8.9 20.0 -999.0 0.0 -999.0 -999.0 -999.0
KSAS8101 1982 03 22 81 -5.0 12.8 21.9 -999.0 0.0 -999.0 -999.0 -999.0
KSAS8101 1982 03 23 82 1.7 13.9 11.4 -999.0 0.0 -999.0 -999.0 -999.0
KSAS8101 1982 03 24 83 -0.6 13.9 17.1 -999.0 0.0 -999.0 -999.0 -999.0
KSAS8101 1982 03 25 84 -0.6 8.3 21.5 -999.0 4.3 -999.0 -999.0 -999.0
KSAS8101 1982 03 26 85 -6.1 12.2 21.6 -999.0 0.0 -999.0 -999.0 -999.0
KSAS8101 1982 03 27 86 0.0 11.1 17.6 -999.0 0.0 -999.0 -999.0 -999.0
KSAS8101 1982 03 28 87 1.7 12.2 12.6 -999.0 0.0 -999.0 -999.0 -999.0
KSAS8101 1982 03 29 88 5.0 15.6 8.2 -999.0 0.0 -999.0 -999.0 -999.0
KSAS8101 1982 03 30 89 10.0 20.0 19.3 -999.0 1.5 -999.0 -999.0 -999.0
KSAS8101 1982 03 31 90 1.7 20.0 23.2 -999.0 0.0 -999.0 -999.0 -999.0
KSAS8101 1982 04 01 91 1.1 26.7 21.7 -999.0 0.0 -999.0 -999.0 -999.0
KSAS8101 1982 04 02 92 6.7 27.2 17.2 -999.0 0.0 -999.0 -999.0 -999.0
KSAS8101 1982 04 03 93 0.0 15.0 23.2 -999.0 0.0 -999.0 -999.0 -999.0
KSAS8101 1982 04 04 94 -0.6 11.1 17.8 -999.0 0.0 -999.0 -999.0 -999.0
KSAS8101 1982 04 05 95 -0.6 7.8 8.9 -999.0 6.6 -999.0 -999.0 -999.0
KSAS8101 1982 04 06 96 -7.2 5.6 16.5 -999.0 0.0 -999.0 -999.0 -999.0
KSAS8101 1982 04 07 97 0.0 6.1 4.7 -999.0 0.0 -999.0 -999.0 -999.0
KSAS8101 1982 04 08 98 -0.6 9.4 11.2 -999.0 0.8 -999.0 -999.0 -999.0
KSAS8101 1982 04 09 99 -5.6 13.9 24.5 -999.0 0.0 -999.0 -999.0 -999.0
KSAS8101 1982 04 10 100 1.7 15.6 23.8 -999.0 0.0 -999.0 -999.0 -999.0
KSAS8101 1982 04 11 101 4.4 22.8 22.6 -999.0 0.0 -999.0 -999.0 -999.0
KSAS8101 1982 04 12 102 11.1 29.4 24.0 -999.0 0.0 -999.0 -999.0 -999.0
KSAS8101 1982 04 13 103 8.3 23.9 23.9 -999.0 0.0 -999.0 -999.0 -999.0
KSAS8101 1982 04 14 104 11.7 30.6 23.8 -999.0 0.0 -999.0 -999.0 -999.0
KSAS8101 1982 04 15 105 17.8 30.6 17.0 -999.0 0.0 -999.0 -999.0 -999.0
KSAS8101 1982 04 16 106 10.0 26.7 8.0 -999.0 0.0 -999.0 -999.0 -999.0
KSAS8101 1982 04 17 107 2.8 17.2 25.9 -999.0 0.0 -999.0 -999.0 -999.0
KSAS8101 1982 04 18 108 1.1 23.3 24.3 -999.0 0.0 -999.0 -999.0 -999.0
KSAS8101 1982 04 19 109 10.6 20.0 23.6 -999.0 2.8 -999.0 -999.0 -999.0
KSAS8101 1982 04 20 110 0.0 13.3 24.5 -999.0 0.0 -999.0 -999.0 -999.0
KSAS8101 1982 04 21 111 -2.2 16.1 22.5 -999.0 0.0 -999.0 -999.0 -999.0
KSAS8101 1982 04 22 112 0.0 17.2 26.4 -999.0 0.0 -999.0 -999.0 -999.0
KSAS8101 1982 04 23 113 1.7 21.7 22.7 -999.0 0.0 -999.0 -999.0 -999.0
KSAS8101 1982 04 24 114 10.6 22.2 19.8 -999.0 0.0 -999.0 -999.0 -999.0
KSAS8101 1982 04 25 115 8.9 17.2 12.2 -999.0 0.5 -999.0 -999.0 -999.0
KSAS8101 1982 04 26 116 7.2 21.1 25.7 -999.0 0.0 -999.0 -999.0 -999.0
KSAS8101 1982 04 27 117 5.6 15.6 7.6 -999.0 0.0 -999.0 -999.0 -999.0
KSAS8101 1982 04 28 118 6.1 10.6 1.5 -999.0 3.8 -999.0 -999.0 -999.0
KSAS8101 1982 04 29 119 6.7 13.3 6.8 -999.0 16.0 -999.0 -999.0 -999.0
KSAS8101 1982 04 30 120 10.6 17.2 10.5 -999.0 0.3 -999.0 -999.0 -999.0
KSAS8101 1982 05 01 121 11.7 20.6 13.7 -999.0 0.0 -999.0 -999.0 -999.0
KSAS8101 1982 05 02 122 12.8 23.3 17.4 -999.0 0.0 -999.0 -999.0 -999.0
KSAS8101 1982 05 03 123 15.6 28.3 19.7 -999.0 0.0 -999.0 -999.0 -999.0
KSAS8101 1982 05 04 124 18.3 30.6 22.9 -999.0 0.0 -999.0 -999.0 -999.0
KSAS8101 1982 05 05 125 10.0 26.1 5.3 -999.0 0.0 -999.0 -999.0 -999.0
KSAS8101 1982 05 06 126 6.7 15.0 14.2 -999.0 32.5 -999.0 -999.0 -999.0
KSAS8101 1982 05 07 127 5.6 23.3 26.5 -999.0 3.3 -999.0 -999.0 -999.0
KSAS8101 1982 05 08 128 13.3 27.8 27.1 -999.0 0.0 -999.0 -999.0 -999.0
KSAS8101 1982 05 09 129 16.7 28.3 24.4 -999.0 0.0 -999.0 -999.0 -999.0
KSAS8101 1982 05 10 130 17.8 27.2 17.9 -999.0 0.0 -999.0 -999.0 -999.0
KSAS8101 1982 05 11 131 15.0 28.9 22.2 -999.0 1.0 -999.0 -999.0 -999.0
KSAS8101 1982 05 12 132 15.0 22.8 10.2 -999.0 27.2 -999.0 -999.0 -999.0
KSAS8101 1982 05 13 133 16.7 23.3 10.8 -999.0 0.3 -999.0 -999.0 -999.0
KSAS8101 1982 05 14 134 13.3 22.2 11.6 -999.0 0.8 -999.0 -999.0 -999.0
KSAS8101 1982 05 15 135 11.1 24.4 26.6 -999.0 11.9 -999.0 -999.0 -999.0
KSAS8101 1982 05 16 136 15.6 23.3 11.4 -999.0 2.0 -999.0 -999.0 -999.0
KSAS8101 1982 05 17 137 15.0 23.9 16.5 -999.0 4.8 -999.0 -999.0 -999.0
KSAS8101 1982 05 18 138 12.8 27.8 25.1 -999.0 1.8 -999.0 -999.0 -999.0
KSAS8101 1982 05 19 139 17.2 30.0 23.5 -999.0 0.0 -999.0 -999.0 -999.0
KSAS8101 1982 05 20 140 16.1 26.1 14.1 -999.0 0.0 -999.0 -999.0 -999.0
KSAS8101 1982 05 21 141 12.8 23.3 20.9 -999.0 24.1 -999.0 -999.0 -999.0
KSAS8101 1982 05 22 142 11.7 20.6 16.9 -999.0 0.5 -999.0 -999.0 -999.0
KSAS8101 1982 05 23 143 11.7 24.4 23.1 -999.0 0.0 -999.0 -999.0 -999.0
KSAS8101 1982 05 24 144 15.6 21.7 9.2 -999.0 0.0 -999.0 -999.0 -999.0
KSAS8101 1982 05 25 145 16.7 23.3 13.7 -999.0 17.3 -999.0 -999.0 -999.0
KSAS8101 1982 05 26 146 11.7 21.1 25.3 -999.0 26.2 -999.0 -999.0 -999.0
KSAS8101 1982 05 27 147 10.0 26.7 28.1 -999.0 6.3 -999.0 -999.0 -999.0
KSAS8101 1982 05 28 148 17.8 28.9 15.5 -999.0 0.0 -999.0 -999.0 -999.0
KSAS8101 1982 05 29 149 16.1 26.7 22.9 -999.0 28.2 -999.0 -999.0 -999.0
KSAS8101 1982 05 30 150 15.0 26.1 17.6 -999.0 1.0 -999.0 -999.0 -999.0
KSAS8101 1982 05 31 151 13.3 22.2 14.3 -999.0 11.9 -999.0 -999.0 -999.0
KSAS8101 1982 06 01 152 5.0 20.6 28.4 -999.0 0.0 -999.0 -999.0 -999.0
KSAS8101 1982 06 02 153 12.2 18.3 10.8 -999.0 1.0 -999.0 -999.0 -999.0
KSAS8101 1982 06 03 154 12.2 17.8 7.5 -999.0 1.0 -999.0 -999.0 -999.0
KSAS8101 1982 06 04 155 12.8 21.1 14.3 -999.0 2.3 -999.0 -999.0 -999.0
KSAS8101 1982 06 05 156 12.2 23.3 21.3 -999.0 0.0 -999.0 -999.0 -999.0
KSAS8101 1982 06 06 157 20.0 31.1 18.7 -999.0 0.0 -999.0 -999.0 -999.0
KSAS8101 1982 06 07 158 12.2 28.3 25.5 -999.0 12.2 -999.0 -999.0 -999.0
KSAS8101 1982 06 08 159 19.4 32.2 20.5 -999.0 0.0 -999.0 -999.0 -999.0
KSAS8101 1982 06 09 160 17.2 28.3 24.8 -999.0 18.5 -999.0 -999.0 -999.0
KSAS8101 1982 06 10 161 8.3 24.4 29.1 -999.0 0.0 -999.0 -999.0 -999.0
KSAS8101 1982 06 11 162 14.4 21.7 11.9 -999.0 0.0 -999.0 -999.0 -999.0
KSAS8101 1982 06 12 163 13.9 25.6 22.9 -999.0 0.0 -999.0 -999.0 -999.0
KSAS8101 1982 06 13 164 15.0 26.7 16.7 -999.0 0.0 -999.0 -999.0 -999.0
KSAS8101 1982 06 14 165 17.8 30.0 13.8 -999.0 0.5 -999.0 -999.0 -999.0
KSAS8101 1982 06 15 166 17.2 27.8 21.6 -999.0 22.6 -999.0 -999.0 -999.0
KSAS8101 1982 06 16 167 12.8 24.4 29.7 -999.0 0.5 -999.0 -999.0 -999.0
KSAS8101 1982 06 17 168 13.3 28.9 21.7 -999.0 0.0 -999.0 -999.0 -999.0
KSAS8101 1982 06 18 169 17.8 24.4 17.6 -999.0 0.8 -999.0 -999.0 -999.0
KSAS8101 1982 06 19 170 12.8 25.6 26.7 -999.0 0.0 -999.0 -999.0 -999.0
KSAS8101 1982 06 20 171 16.1 29.4 27.2 -999.0 0.0 -999.0 -999.0 -999.0
KSAS8101 1982 06 21 172 14.4 30.0 21.7 -999.0 0.0 -999.0 -999.0 -999.0
KSAS8101 1982 06 22 173 13.9 27.8 28.0 -999.0 16.0 -999.0 -999.0 -999.0
KSAS8101 1982 06 23 174 16.7 26.7 16.5 -999.0 1.0 -999.0 -999.0 -999.0
KSAS8101 1982 06 24 175 17.8 29.4 17.7 -999.0 6.1 -999.0 -999.0 -999.0
KSAS8101 1982 06 25 176 19.4 26.7 19.9 -999.0 3.3 -999.0 -999.0 -999.0
KSAS8101 1982 06 26 177 17.2 28.3 22.0 -999.0 0.8 -999.0 -999.0 -999.0
KSAS8101 1982 06 27 178 19.4 25.6 13.8 -999.0 9.7 -999.0 -999.0 -999.0
KSAS8101 1982 06 28 179 18.9 30.6 24.6 -999.0 5.1 -999.0 -999.0 -999.0
KSAS8101 1982 06 29 180 19.4 34.4 26.6 -999.0 0.0 -999.0 -999.0 -999.0
KSAS8101 1982 06 30 181 21.7 29.4 18.7 -999.0 0.0 -999.0 -999.0 -999.0
KSAS8101 1982 07 01 182 20.0 26.1 11.2 -999.0 46.2 -999.0 -999.0 -999.0
KSAS8101 1982 07 02 183 20.6 35.6 25.5 -999.0 0.0 -999.0 -999.0 -999.0
KSAS8101 1982 07 03 184 21.7 36.7 28.7 -999.0 0.0 -999.0 -999.0 -999.0
KSAS8101 1982 07 04 185 23.9 35.6 28.2 -999.0 0.0 -999.0 -999.0 -999.0
KSAS8101 1982 07 05 186 24.4 33.3 21.9 -999.0 0.0 -999.0 -999.0 -999.0
KSAS8101 1982 07 06 187 21.7 32.2 24.8 -999.0 0.3 -999.0 -999.0 -999.0
KSAS8101 1982 07 07 188 15.0 30.6 28.0 -999.0 0.0 -999.0 -999.0 -999.0
KSAS8101 1982 07 08 189 17.2 31.1 20.5 -999.0 0.0 -999.0 -999.0 -999.0
KSAS8101 1982 07 09 190 21.1 30.0 21.7 -999.0 0.0 -999.0 -999.0 -999.0
KSAS8101 1982 07 10 191 18.9 28.3 22.7 -999.0 33.5 -999.0 -999.0 -999.0
KSAS8101 1982 07 11 192 16.7 31.1 28.5 -999.0 0.3 -999.0 -999.0 -999.0
KSAS8101 1982 07 12 193 17.2 32.2 26.4 -999.0 0.0 -999.0 -999.0 -999.0
KSAS8101 1982 07 13 194 20.0 32.8 22.0 -999.0 0.0 -999.0 -999.0 -999.0
KSAS8101 1982 07 14 195 21.1 33.3 26.7 -999.0 6.3 -999.0 -999.0 -999.0
KSAS8101 1982 07 15 196 22.2 33.3 18.5 -999.0 0.0 -999.0 -999.0 -999.0
KSAS8101 1982 07 16 197 25.0 36.1 27.2 -999.0 10.2 -999.0 -999.0 -999.0
KSAS8101 1982 07 17 198 25.6 36.7 26.9 -999.0 0.0 -999.0 -999.0 -999.0
KSAS8101 1982 07 18 199 26.1 36.1 22.7 -999.0 0.0 -999.0 -999.0 -999.0
KSAS8101 1982 07 19 200 25.6 34.4 21.6 -999.0 0.0 -999.0 -999.0 -999.0
KSAS8101 1982 07 20 201 23.9 36.7 27.1 -999.0 0.0 -999.0 -999.0 -999.0
KSAS8101 1982 07 21 202 22.2 36.1 25.6 -999.0 0.0 -999.0 -999.0 -999.0
KSAS8101 1982 07 22 203 21.7 31.7 26.1 -999.0 7.6 -999.0 -999.0 -999.0
KSAS8101 1982 07 23 204 19.4 31.7 28.0 -999.0 0.0 -999.0 -999.0 -999.0
KSAS8101 1982 07 24 205 20.6 32.8 27.5 -999.0 0.0 -999.0 -999.0 -999.0
KSAS8101 1982 07 25 206 21.1 33.3 26.8 -999.0 0.0 -999.0 -999.0 -999.0
KSAS8101 1982 07 26 207 20.6 34.4 25.6 -999.0 0.0 -999.0 -999.0 -999.0
KSAS8101 1982 07 27 208 22.2 31.7 19.9 -999.0 0.0 -999.0 -999.0 -999.0
KSAS8101 1982 07 28 209 20.0 29.4 24.9 -999.0 0.0 -999.0 -999.0 -999.0
KSAS8101 1982 07 29 210 16.7 30.0 20.9 -999.0 0.0 -999.0 -999.0 -999.0
KSAS8101 1982 07 30 211 18.9 30.0 26.4 -999.0 0.0 -999.0 -999.0 -999.0
KSAS8101 1982 07 31 212 14.4 33.3 26.5 -999.0 0.0 -999.0 -999.0 -999.0
