KSAS8101 1981 10 01 274 10.0 23.3 18.9 -999.0 0.0 -999.0 -999.0 -999.0
KSAS8101 1981 10 02 275 5.6 22.2 18.2 -999.0 0.0 -999.0 -999.0 -999.0
KSAS8101 1981 10 03 276 11.1 16.7 2.4 -999.0 0.3 -999.0 -999.0 -999.0
KSAS8101 1981 10 04 277 12.8 26.1 13.8 -999.0 34.0 -999.0 -999.0 -999.0
KSAS8101 1981 10 05 278 15.6 26.7 12.1 -999.0 0.0 -999.0 -999.0 -999.0
KSAS8101 1981 10 06 279 9.4 18.9 16.5 -999.0 0.0 -999.0 -999.0 -999.0
KSAS8101 1981 10 07 280 6.1 17.8 12.3 -999.0 0.0 -999.0 -999.0 -999.0
KSAS8101 1981 10 08 281 2.8 18.9 13.7 -999.0 0.0 -999.0 -999.0 -999.0
KSAS8101 1981 10 09 282 12.8 15.6 3.2 -999.0 0.0 -999.0 -999.0 -999.0
KSAS8101 1981 10 10 283 7.2 18.3 11.6 -999.0 0.0 -999.0 -999.0 -999.0
KSAS8101 1981 10 11 284 7.8 18.3 4.4 -999.0 0.0 -999.0 -999.0 -999.0
KSAS8101 1981 10 12 285 13.9 18.3 1.7 -999.0 6.3 -999.0 -999.0 -999.0
KSAS8101 1981 10 13 286 17.8 20.6 1.8 -999.0 0.0 -999.0 -999.0 -999.0
KSAS8101 1981 10 14 287 13.3 20.6 6.8 -999.0 1.8 -999.0 -999.0 -999.0
KSAS8101 1981 10 15 288 9.4 17.2 6.4 -999.0 0.0 -999.0 -999.0 -999.0
KSAS8101 1981 10 16 289 8.9 16.7 3.4 -999.0 0.0 -999.0 -999.0 -999.0
KSAS8101 1981 10 17 290 12.2 20.0 12.5 -999.0 12.4 -999.0 -999.0 -999.0
KSAS8101 1981 10 18 291 6.1 12.8 12.2 -999.0 0.0 -999.0 -999.0 -999.0
KSAS8101 1981 10 19 292 0.0 24.4 15.7 -999.0 0.0 -999.0 -999.0 -999.0
KSAS8101 1981 10 20 293 11.7 23.3 15.1 -999.0 0.0 -999.0 -999.0 -999.0
KSAS8101 1981 10 21 294 6.7 16.7 11.0 -999.0 0.0 -999.0 -999.0 -999.0
KSAS8101 1981 10 22 295 1.7 10.6 13.9 -999.0 0.0 -999.0 -999.0 -999.0
KSAS8101 1981 10 23 296 -3.3 7.2 15.1 -999.0 0.0 -999.0 -999.0 -999.0
KSAS8101 1981 10 24 297 1.1 11.1 4.9 -999.0 0.0 -999.0 -999.0 -999.0
KSAS8101 1981 10 25 298 5.6 11.1 5.8 -999.0 3.0 -999.0 -999.0 -999.0
KSAS8101 1981 10 26 299 0.0 15.6 13.0 -999.0 0.8 -999.0 -999.0 -999.0
KSAS8101 1981 10 27 300 5.6 21.7 13.1 -999.0 0.0 -999.0 -999.0 -999.0
KSAS8101 1981 10 28 301 10.6 21.7 12.1 -999.0 0.0 -999.0 -999.0 -999.0
KSAS8101 1981 10 29 302 10.0 25.0 12.3 -999.0 0.0 -999.0 -999.0 -999.0
KSAS8101 1981 10 30 303 13.9 18.3 2.9 -999.0 0.0 -999.0 -999.0 -999.0
KSAS8101 1981 10 31 304 12.2 15.6 1.8 -999.0 0.5 -999.0 -999.0 -999.0
KSAS8101 1981 11 01 305 9.4 15.0 2.9 -999.0 68.3 -999.0 -999.0 -999.0
KSAS8101 1981 11 02 306 7.2 13.3 2.8 -999.0 3.0 -999.0 -999.0 -999.0
KSAS8101 1981 11 03 307 7.2 15.6 6.2 -999.0 0.3 -999.0 -999.0 -999.0
KSAS8101 1981 11 04 308 8.3 12.2 3.6 -999.0 13.5 -999.0 -999.0 -999.0
KSAS8101 1981 11 05 309 5.6 15.6 12.2 -999.0 2.8 -999.0 -999.0 -999.0
KSAS8101 1981 11 06 310 -2.2 15.6 12.8 -999.0 0.0 -999.0 -999.0 -999.0
KSAS8101 1981 11 07 311 0.0 19.4 9.2 -999.0 0.0 -999.0 -999.0 -999.0
KSAS8101 1981 11 08 312 5.0 16.7 1.1 -999.0 18.5 -999.0 -999.0 -999.0
KSAS8101 1981 11 09 313 -2.8 7.8 12.6 -999.0 7.9 -999.0 -999.0 -999.0
KSAS8101 1981 11 10 314 -3.9 15.0 11.9 -999.0 0.0 -999.0 -999.0 -999.0
KSAS8101 1981 11 11 315 -1.1 16.1 11.4 -999.0 0.0 -999.0 -999.0 -999.0
KSAS8101 1981 11 12 316 1.7 20.0 11.1 -999.0 0.0 -999.0 -999.0 -999.0
KSAS8101 1981 11 13 317 1.7 19.4 10.9 -999.0 0.0 -999.0 -999.0 -999.0
KSAS8101 1981 11 14 318 7.8 18.3 7.9 -999.0 0.0 -999.0 -999.0 -999.0
KSAS8101 1981 11 15 319 10.0 20.0 8.5 -999.0 0.0 -999.0 -999.0 -999.0
KSAS8101 1981 11 16 320 15.0 20.0 10.9 -999.0 0.0 -999.0 -999.0 -999.0
KSAS8101 1981 11 17 321 2.2 23.3 10.4 -999.0 0.0 -999.0 -999.0 -999.0
KSAS8101 1981 11 18 322 9.4 18.9 6.8 -999.0 0.0 -999.0 -999.0 -999.0
KSAS8101 1981 11 19 323 -1.1 9.4 2.3 -999.0 0.0 -999.0 -999.0 -999.0
KSAS8101 1981 11 20 324 -3.9 3.9 10.0 -999.0 0.0 -999.0 -999.0 -999.0
KSAS8101 1981 11 21 325 -5.6 10.6 10.1 -999.0 0.0 -999.0 -999.0 -999.0
KSAS8101 1981 11 22 326 -3.3 17.2 7.0 -999.0 0.0 -999.0 -999.0 -999.0
KSAS8101 1981 11 23 327 6.1 15.0 9.1 -999.0 0.0 -999.0 -999.0 -999.0
KSAS8101 1981 11 24 328 0.0 12.8 8.0 -999.0 0.0 -999.0 -999.0 -999.0
KSAS8101 1981 11 25 329 5.0 19.4 8.5 -999.0 0.0 -999.0 -999.0 -999.0
KSAS8101 1981 11 26 330 3.3 10.0 6.2 -999.0 0.0 -999.0 -999.0 -999.0
KSAS8101 1981 11 27 331 -6.7 5.0 5.7 -999.0 0.0 -999.0 -999.0 -999.0
KSAS8101 1981 11 28 332 -1.1 6.1 5.4 -999.0 0.0 -999.0 -999.0 -999.0
KSAS8101 1981 11 29 333 -3.3 9.4 4.6 -999.0 0.0 -999.0 -999.0 -999.0
KSAS8101 1981 11 30 334 3.9 7.8 0.7 -999.0 19.3 -999.0 -999.0 -999.0
KSAS8101 1981 12 01 335 0.0 4.4 2.8 -999.0 12.7 -999.0 -999.0 -999.0
KSAS8101 1981 12 02 336 -1.7 8.9 8.0 -999.0 0.0 -999.0 -999.0 -999.0
KSAS8101 1981 12 03 337 -1.7 10.6 9.8 -999.0 0.0 -999.0 -999.0 -999.0
KSAS8101 1981 12 04 338 -1.1 8.9 9.9 -999.0 0.0 -999.0 -999.0 -999.0
KSAS8101 1981 12 05 339 -2.8 10.6 3.5 -999.0 0.0 -999.0 -999.0 -999.0
KSAS8101 1981 12 06 340 1.7 16.1 6.9 -999.0 0.0 -999.0 -999.0 -999.0
KSAS8101 1981 12 07 341 5.6 17.8 9.0 -999.0 0.0 -999.0 -999.0 -999.0
KSAS8101 1981 12 08 342 -3.3 10.6 7.9 -999.0 0.0 -999.0 -999.0 -999.0
KSAS8101 1981 12 09 343 -2.2 6.7 8.6 -999.0 0.0 -999.0 -999.0 -999.0
KSAS8101 1981 12 10 344 -2.8 2.2 2.3 -999.0 0.0 -999.0 -999.0 -999.0
KSAS8101 1981 12 11 345 1.1 3.9 1.8 -999.0 0.0 -999.0 -999.0 -999.0
KSAS8101 1981 12 12 346 1.7 3.9 1.6 -999.0 0.0 -999.0 -999.0 -999.0
KSAS8101 1981 12 13 347 0.6 4.4 1.3 -999.0 0.0 -999.0 -999.0 -999.0
KSAS8101 1981 12 14 348 -1.7 2.8 8.4 -999.0 0.5 -999.0 -999.0 -999.0
KSAS8101 1981 12 15 349 -2.2 2.2 4.2 -999.0 0.0 -999.0 -999.0 -999.0
KSAS8101 1981 12 16 350 -8.3 -1.1 0.7 -999.0 0.0 -999.0 -999.0 -999.0
KSAS8101 1981 12 17 351 -16.7 -8.3 8.2 -999.0 4.6 -999.0 -999.0 -999.0
KSAS8101 1981 12 18 352 -17.8 -9.4 6.7 -999.0 0.0 -999.0 -999.0 -999.0
KSAS8101 1981 12 19 353 -17.8 -5.0 9.3 -999.0 0.0 -999.0 -999.0 -999.0
KSAS8101 1981 12 20 354 -11.1 2.8 3.1 -999.0 0.0 -999.0 -999.0 -999.0
KSAS8101 1981 12 21 355 1.1 2.8 1.6 -999.0 0.3 -999.0 -999.0 -999.0
KSAS8101 1981 12 22 356 0.6 2.8 1.9 -999.0 0.0 -999.0 -999.0 -999.0
KSAS8101 1981 12 23 357 -7.2 5.0 9.2 -999.0 0.0 -999.0 -999.0 -999.0
KSAS8101 1981 12 24 358 -7.8 7.2 9.5 -999.0 0.0 -999.0 -999.0 -999.0
KSAS8101 1981 12 25 359 -3.9 7.2 6.7 -999.0 0.0 -999.0 -999.0 -999.0
KSAS8101 1981 12 26 360 -6.7 3.3 7.1 -999.0 0.0 -999.0 -999.0 -999.0
KSAS8101 1981 12 27 361 -8.3 2.2 2.1 -999.0 0.0 -999.0 -999.0 -999.0
KSAS8101 1981 12 28 362 -8.9 0.0 6.8 -999.0 0.3 -999.0 -999.0 -999.0
KSAS8101 1981 12 29 363 -11.7 4.4 9.8 -999.0 0.0 -999.0 -999.0 -999.0
KSAS8101 1981 12 30 364 -7.2 10.6 6.7 -999.0 0.0 -999.0 -999.0 -999.0
KSAS8101 1981 12 31 365 -6.7 6.7 7.2 -999.0 0.0 -999.0 -999.0 -999.0
